ntscltttt‘srtuts sceleritatis. xlx

11111 11 111161111 306111 1111136Μ111111111111111 128, 0111181111
1111111111121111116 11111125111111111111 311131111111116111 dissimilis de-
1161 3 salitis 36 uesani] 0111111111120,4111111 om. 11 1311
61111 14 cognitionem 8111161111 111. 11 15 ex 6111123 relinquuntur eurr.
111116111111611. 116111127 licuerit non 11 130, 2 611111171111111 dor·
sum] os 1111111111 12 lusestnosum 21 sugeri 111. 11 33 (111111 11 131, 7
11 111111 (um. qnod 11 13 heredes 2011661111111128 (11611161111161111
1111111111111111351111111111 1111116111. ·
Liber VII. 7 leniterque 3811 1111611111 166611134, 5 11111

161111- 1111116111118111111 dure 111 (11111113211111111111111

38 1111111135, 1 (111111111123 aduncatus 133 dicere 11111134 111-1111
61111 136, 10 6111 11111 15 6111111 16 111111611111 61111111 1811111111
24 principes 11 138, 27 (1111111111131 111111361111111111 130, 34 (1151111
1111111111 140, 8 1111111 10 disperdendi sl 6611111 6111611 detraxeris 11
38 6111111 141, 22 111111111120 1111 molestum 11611131 istem om. 11142, 7
6116111111120 aduolundusqus 16111111 22 611111 sollicitius 161. 112066111·
1011111113111 111111111111111111111111
tuntum peuru uerum 7 1111 6111 1111111111611.115Ρ6111161111]’616111
16 16111116] 6111111 10 11111131 iu secundis 111111116111321111-
61111] 16111111111611145, 11 1111111 11 litteris numinis 11111 1711111111
imitabilis om. 121 6111 11 6161111111 111. 11 2211111111 301601111111
34 6111111111 146, 13 iudex fortissimus om. 11 23 66111 30 Commidls
6111111111111 2161161611111 147, l nris 6111111 20 1111111111261111811-

tatemque 1111111111 33 11111111111 37 1161611111611111161111 148, 10 161111

28 inllrml um. 11 3416111611 36 1111161(611,11) 11 38681115111111 140, 7
sugnrstur 10 Per-strepitus om. 1 10 1111611166. 150, 2 6611111 11 511-
liquerunt 261111111611611. 151,1611111 1111111121 111611]
montano 11 25116111 2711111111111 06111111611111 1311111 um. 11152, 20
6111111111 22 hunni 1125 ediderit· queruntur 61111153, 3 11166111 111
nus 111611 22 dissipari 138 111111111 154,31111114116111116,
Liber Vlll. 21 siis 11111 grstia 11 inhabilis ΙΙ 32 pretium—vide·
betur orn. 1135 1101111111138 1111111111 155, 2111111111111111111 16 111-
6111 1311116161161111111611. 11 10111611. 121 ἒν- 13161611. 1 26 611-
1111 3811116111111 156,111111121111111111111 311111111 11 Sed
111. 36 quantitasque 157, 2111111111116 611111 deceret] diceret 11
351111111111113811611116111.11 111111158, 56111116111136 6111·
1161138 ubi 1111 150, 15 61111] 111124 ud 111125 indignatione 1132 num
11 magister um. 1 34 extento 11 160, 711111 om. 1127161111 11 3 tantum
inire etism 1111 161, 2416111111] 611111 381111 111 111111611 162, 3
sut nepte 61111 10 111111122 611 11 11116 27 16611 38 virum 1111111
163, 5 Aristonis 1110 (1111111117 autern] 111111 24 1111 om. Ι 30111111-
slmum 611616111111132 1116111111 164, 10 eurus] 111111 16 1111111111·
reris 1 18 6111 nm. 11236111161111 61111 11 24111111111 rel' 111111
30 ego 11 165, 5 11111117 perimunt 17 616111 181111611111111011

isne-qus sentitis orn. 21 sentitis] censetis 11 26 (111111130161111

 

